258482889
258482889
258482889
710963723
011274102
313031485
574652787
826888774
124842366
375610691
611413262
837447253
258482889
120733488
361262775
659763842
939626434
201317113
447598155
703791656
961055638
217055275
470536553
730171042
991882888
253398435
491764313
258482889
761509750
023220405
314969498
592160167
858807607
146314458
390024349
663130655
909682802
156692771
372527179
624154524
865507070
081969160
333562547
560047378
804617022
037771414
296218797
567969563
822774713
015631555
295845182
522045627
743602974
176178635
272416143
574788060
296218797
567969563
810602302
078761111
344106621
590392226
867924395
149825055
422258436
714188587
990230664
703791656
961055638
217055275
280804539
